1620,1
1671,1
1816,1
1875,1
1891,1
1937,1
1961,1
1962,1
1975,1
2005,1
2006,1
2017,1
2036,1
2065,1
2081,1
2087,1
2108,1
2145,1
2148,1
2158,1
2166,1
2180,1
2182,1
2184,1
2187,1
2190,1
2192,1
2193,1
2207,1
2211,1
2213,1
2218,2
2224,1
2232,1
2234,1
2235,1
2236,1
2238,1
2246,2
2247,1
2250,1
2254,1
2260,2
2261,1
2264,1
2267,1
2279,1
2282,1
2285,2
2292,1
2295,1
2296,1
2298,1
2299,1
2302,2
2305,1
2306,1
2307,1
2308,1
2309,1
2315,1
2321,2
2324,1
2327,1
2329,1
2330,1
2335,1
2340,1
2341,1
2342,1
2343,2
2345,2
2346,1
2349,1
2350,2
2351,2
2354,1
2358,2
2359,1
2361,1
2362,2
2363,1
2364,1
2366,2
2367,1
2368,2
2369,1
2370,1
2371,2
2372,2
2373,1
2374,1
2375,1
2376,1
2377,1
2378,1
2379,1
2381,2
2382,1
2383,1
2384,2
2385,1
2386,1
2387,1
2388,2
2389,1
2390,1
2391,3
2392,1
2393,2
2394,3
2395,5
2396,1
2397,1
2398,2
2399,1
2401,2
2402,3
2403,2
2405,4
2407,3
2408,3
2409,3
2410,2
2411,2
2412,2
2413,2
2414,4
2415,1
2416,2
2417,4
2418,2
2420,2
2421,5
2422,3
2423,1
2424,3
2426,2
2427,1
2428,2
2429,3
2430,2
2431,4
2432,3
2433,2
2434,2
2435,4
2436,4
2437,3
2438,2
2439,2
2440,4
2441,4
2442,3
2443,5
2444,3
2445,3
2446,4
2447,2
2448,2
2449,5
2450,5
2451,2
2452,1
2453,2
2454,5
2455,3
2456,3
2457,2
2458,3
2459,3
2460,3
2461,5
2462,8
2463,5
2464,5
2465,5
2466,3
2467,7
2468,10
2469,4
2470,6
2471,4
2472,6
2473,3
2474,4
2475,8
2476,6
2477,3
2478,2
2479,3
2480,3
2481,8
2482,4
2483,7
2484,6
2485,6
2486,9
2487,6
2488,6
2489,5
2490,3
2491,3
2492,7
2493,10
2494,4
2495,5
2496,1
2497,9
2498,7
2499,7
2500,11
2501,6
2502,7
2503,8
2504,3
2505,14
2506,6
2507,8
2508,11
2509,8
2510,14
2511,10
2512,6
2513,7
2514,9
2515,13
2516,8
2517,6
2518,9
2519,7
2520,9
2521,8
2522,10
2523,10
2524,6
2525,12
2526,9
2527,10
2528,11
2529,10
2530,8
2531,11
2532,6
2533,11
2534,13
2535,14
2536,9
2537,14
2538,13
2539,11
2540,13
2541,10
2542,17
2543,15
2544,13
2545,12
2546,11
2547,10
2548,9
2549,11
2550,12
2551,7
2552,10
2553,11
2554,10
2555,9
2556,11
2557,12
2558,11
2559,11
2560,15
2561,15
2562,10
2563,15
2564,17
2565,12
2566,16
2567,12
2568,14
2569,10
2570,19
2571,15
2572,12
2573,9
2574,22
2575,15
2576,18
2577,12
2578,8
2579,10
2580,19
2581,10
2582,15
2583,19
2584,19
2585,9
2586,14
2587,24
2588,12
2589,16
2590,8
2591,18
2592,17
2593,11
2594,12
2595,11
2596,10
2597,20
2598,26
2599,14
2600,8
2601,18
2602,13
2603,20
2604,13
2605,14
2606,15
2607,20
2608,12
2609,12
2610,20
2611,14
2612,15
2613,9
2614,17
2615,13
2616,12
2617,16
2618,10
2619,10
2620,11
2621,19
2622,23
2623,13
2624,14
2625,15
2626,21
2627,13
2628,15
2629,23
2630,17
2631,14
2632,21
2633,23
2634,25
2635,21
2636,18
2637,14
2638,21
2639,22
2640,19
2641,23
2642,13
2643,20
2644,29
2645,22
2646,20
2647,19
2648,13
2649,22
2650,18
2651,22
2652,23
2653,16
2654,30
2655,30
2656,24
2657,24
2658,20
2659,20
2660,21
2661,25
2662,26
2663,20
2664,19
2665,16
2666,34
2667,28
2668,21
2669,28
2670,24
2671,35
2672,29
2673,25
2674,32
2675,23
2676,28
2677,28
2678,33
2679,42
2680,36
2681,22
2682,30
2683,29
2684,29
2685,30
2686,26
2687,29
2688,24
2689,39
2690,34
2691,26
2692,40
2693,22
2694,29
2695,34
2696,45
2697,39
2698,50
2699,34
2700,36
2701,42
2702,44
2703,36
2704,47
2705,43
2706,42
2707,31
2708,44
2709,35
2710,41
2711,39
2712,47
2713,39
2714,38
2715,49
2716,41
2717,47
2718,39
2719,41
2720,47
2721,52
2722,40
2723,41
2724,44
2725,51
2726,45
2727,33
2728,42
2729,43
2730,35
2731,34
2732,42
2733,40
2734,32
2735,54
2736,41
2737,51
2738,39
2739,38
2740,41
2741,42
2742,47
2743,29
2744,46
2745,45
2746,51
2747,50
2748,39
2749,34
2750,46
2751,38
2752,40
2753,42
2754,33
2755,36
2756,40
2757,51
2758,38
2759,42
2760,39
2761,51
2762,35
2763,43
2764,50
2765,39
2766,32
2767,48
2768,38
2769,43
2770,29
2771,42
2772,38
2773,52
2774,35
2775,52
2776,32
2777,31
2778,38
2779,30
2780,34
2781,32
2782,47
2783,32
2784,40
2785,36
2786,30
2787,36
2788,37
2789,45
2790,31
2791,32
2792,44
2793,34
2794,26
2795,32
2796,33
2797,35
2798,34
2799,34
2800,35
2801,33
2802,18
2803,35
2804,29
2805,26
2806,27
2807,22
2808,26
2809,18
2810,33
2811,20
2812,35
2813,28
2814,31
2815,26
2816,31
2817,18
2818,23
2819,30
2820,23
2821,24
2822,19
2823,29
2824,23
2825,25
2826,22
2827,16
2828,20
2829,29
2830,22
2831,25
2832,33
2833,40
2834,17
2835,28
2836,24
2837,24
2838,26
2839,20
2840,22
2841,21
2842,27
2843,28
2844,23
2845,31
2846,26
2847,22
2848,16
2849,19
2850,30
2851,18
2852,26
2853,24
2854,10
2855,27
2856,17
2857,21
2858,17
2859,16
2860,16
2861,20
2862,24
2863,18
2864,17
2865,20
2866,21
2867,15
2868,21
2869,10
2870,14
2871,18
2872,11
2873,16
2874,21
2875,21
2876,12
2877,10
2878,11
2879,17
2880,16
2881,10
2882,16
2883,7
2884,14
2885,7
2886,11
2887,7
2888,12
2889,9
2890,6
2891,5
2892,10
2893,6
2894,6
2895,7
2896,9
2897,5
2898,8
2899,6
2900,4
2901,3
2902,3
2903,6
2904,5
2905,2
2906,1
2907,5
2908,8
2909,1
2910,5
2911,1
2912,3
2913,1
2914,3
2915,2
2916,1
2918,1
2919,2
2920,1
2921,2
2922,1
2923,1
2924,1
2927,2
2930,1
2932,1
2948,1
2978,1
